alpha=5.000000
beta=5.000000
ntopics=20
ndocs=1
nwords=4326
liter=600
